# Common TCP ports scanned by the portscan palier when --ports-deep is empty.
# Curated well-known + common service/high ports. One port per line; # comments
# and blank lines ignored. Override at runtime with --ports-deep (a spec or "all").
21
22
23
25
53
80
81
88
110
111
135
139
143
389
443
445
465
514
515
587
636
993
995
1025
1080
1099
1433
1521
1723
2049
2082
2083
2086
2087
2095
2096
2181
2222
2375
2376
2483
2484
3000
3128
3268
3306
3389
3690
4000
4040
4443
4444
4567
4711
4848
5000
5001
5060
5432
5601
5672
5900
5901
5984
5985
5986
6000
6379
6443
6666
6667
7000
7001
7070
7077
7443
7474
7687
8000
8005
8008
8009
8010
8020
8025
8042
8080
8081
8082
8083
8085
8086
8088
8089
8090
8091
8096
8123
8161
8181
8200
8222
8243
8280
8300
8333
8443
8500
8501
8530
8531
8600
8686
8834
8880
8888
8983
9000
9001
9002
9042
9043
9060
9080
9090
9091
9092
9100
9200
9300
9418
9443
9500
9600
9990
9999
10000
10250
11211
15672
16010
18080
19888
25565
27017
27018
28017
50000
50070
50075
54321
61616
